[38;2;151;243;87m⠀[38;2;156;242;87m⠀[38;2;162;242;88m⠀[38;2;168;241;89m⠀[38;2;174;240;90m⠀[38;2;109;65;173m⠀[38;2;108;68;177m⢀[38;2;106;70;181m⠀[38;2;105;72;184m⠀[38;2;103;75;188m⠀[38;2;102;77;191m⢘[38;2;100;80;195m⡆[38;2;98;83;198m⠀[38;2;96;85;201m⠀[38;2;94;88;204m⠀[38;2;91;91;206m⣀[38;2;89;94;209m⣤[38;2;87;97;211m⣤[38;2;84;100;214m⣤[38;2;82;103;216m⣂[38;2;79;107;218m⢀[38;2;77;110;219m⠀[38;2;74;113;221m⠀[38;2;71;117;222m⠀[38;2;69;120;223m⠀[38;2;66;124;224m⠀[38;2;63;127;225m⠀
[39m[38;2;162;242;88m⠀[38;2;168;241;89m⠀[38;2;174;240;90m⠀[38;2;109;65;173m⠀[38;2;108;68;177m⠀[38;2;106;70;181m⣀[38;2;105;72;184m⣆[38;2;103;75;188m⠀[38;2;102;77;191m⢀[38;2;100;80;195m⢔[38;2;98;83;198m⣾[38;2;96;85;201m⣯[38;2;94;88;204m⣶[38;2;91;91;206m⣿[38;2;89;94;209m⣿[38;2;87;97;211m⣿[38;2;84;100;214m⣿[38;2;82;103;216m⣿[38;2;79;107;218m⠛[38;2;77;110;219m⠉[38;2;74;113;221m⢉[38;2;71;117;222m⠞[38;2;69;120;223m⢀[38;2;66;124;224m⣾[38;2;63;127;225m⠀[38;2;61;131;225m⠀[38;2;58;134;225m⠀
[39m[38;2;174;240;90m⠀[38;2;109;65;173m⠀[38;2;108;68;177m⠀[38;2;106;70;181m⠉[38;2;105;72;184m⠉[38;2;103;75;188m⢹[38;2;102;77;191m⣯[38;2;100;80;195m⣿[38;2;98;83;198m⣿[38;2;96;85;201m⣿[38;2;94;88;204m⣿[38;2;91;91;206m⣿[38;2;89;94;209m⣿[38;2;87;97;211m⣿[38;2;84;100;214m⣿[38;2;82;103;216m⣿[38;2;79;107;218m⣿[38;2;77;110;219m⣿[38;2;74;113;221m⣿[38;2;71;117;222m⣿[38;2;69;120;223m⣯[38;2;66;124;224m⣴[38;2;63;127;225m⣿[38;2;61;131;225m⡟[38;2;58;134;225m⠀[38;2;56;138;225m⠀[38;2;53;142;225m⠀
[39m[38;2;108;68;177m⢀[38;2;106;70;181m⣄[38;2;105;72;184m⣀[38;2;103;75;188m⣠[38;2;102;77;191m⣤[38;2;100;80;195m⣾[38;2;98;83;198m⣿[38;2;96;85;201m⣿[38;2;94;88;204m⣿[38;2;91;91;206m⣿[38;2;89;94;209m⣿[38;2;87;97;211m⣿[38;2;84;100;214m⣿[38;2;82;103;216m⣿[38;2;79;107;218m⣿[38;2;77;110;219m⣿[38;2;74;113;221m⣿[38;2;71;117;222m⣿[38;2;69;120;223m⣿[38;2;66;124;224m⣿[38;2;63;127;225m⣿[38;2;61;131;225m⣿[38;2;58;134;225m⣿[38;2;56;138;225m⣥[38;2;53;142;225m⣄[38;2;51;145;225m⡀[38;2;48;149;224m⠀
[39m[38;2;105;72;184m⠈[38;2;103;75;188m⠻[38;2;102;77;191m⣿[38;2;100;80;195m⣿[38;2;98;83;198m⣿[38;2;96;85;201m⣿[38;2;94;88;204m⣿[38;2;91;91;206m⣿[38;2;89;94;209m⣿[38;2;87;97;211m⣿[38;2;84;100;214m⣿[38;2;82;103;216m⡏[38;2;79;107;218m⣿[38;2;77;110;219m⣿[38;2;74;113;221m⣿[38;2;71;117;222m⣿[38;2;69;120;223m⣿[38;2;66;124;224m⣿[38;2;63;127;225m⣿[38;2;61;131;225m⣿[38;2;58;134;225m⣿[38;2;56;138;225m⣿[38;2;53;142;225m⣿[38;2;51;145;225m⣿[38;2;48;149;224m⣿[38;2;46;153;223m⣶[38;2;43;156;222m⡄
[39m[38;2;102;77;191m⠀[38;2;100;80;195m⣴[38;2;98;83;198m⣾[38;2;96;85;201m⣿[38;2;94;88;204m⣿[38;2;91;91;206m⣿[38;2;89;94;209m⣿[38;2;87;97;211m⣿[38;2;84;100;214m⣿[38;2;82;103;216m⣿[38;2;79;107;218m⣿[38;2;77;110;219m⠃[38;2;74;113;221m⣿[38;2;71;117;222m⣿[38;2;69;120;223m⣿[38;2;66;124;224m⣿[38;2;63;127;225m⣿[38;2;61;131;225m⣿[38;2;58;134;225m⣿[38;2;56;138;225m⣿[38;2;53;142;225m⣿[38;2;51;145;225m⣿[38;2;48;149;224m⣟[38;2;46;153;223m⡉[38;2;43;156;222m⠕[38;2;41;160;221m⠀[38;2;39;164;220m⠀
[39m[38;2;98;83;198m⠘[38;2;96;85;201m⠁[38;2;94;88;204m⢸[38;2;91;91;206m⣿[38;2;89;94;209m⣿[38;2;87;97;211m⣿[38;2;84;100;214m⣿[38;2;82;103;216m⣿[38;2;79;107;218m⣿[38;2;77;110;219m⡟[38;2;74;113;221m⠏[38;2;71;117;222m⠀[38;2;69;120;223m⢰[38;2;66;124;224m⣿[38;2;63;127;225m⣿[38;2;61;131;225m⣿[38;2;58;134;225m⣿[38;2;56;138;225m⣿[38;2;53;142;225m⠈[38;2;51;145;225m⢿[38;2;48;149;224m⣿[38;2;46;153;223m⣿[38;2;43;156;222m⣷[38;2;41;160;221m⡈[38;2;39;164;220m⠂[38;2;37;167;218m⠀[38;2;35;171;216m⠀
[39m[38;2;94;88;204m⠀[38;2;91;91;206m⠀[38;2;89;94;209m⢸[38;2;87;97;211m⣿[38;2;84;100;214m⣿[38;2;82;103;216m⣿[38;2;79;107;218m⣿[38;2;77;110;219m⣿[38;2;74;113;221m⡏[38;2;71;117;222m⣀[38;2;69;120;223m⣈[38;2;66;124;224m⣥[38;2;63;127;225m⣄[38;2;61;131;225m⢻[38;2;58;134;225m⣿[38;2;56;138;225m⣿[38;2;53;142;225m⣿[38;2;51;145;225m⣿[38;2;48;149;224m⣐[38;2;46;153;223m⠈[38;2;43;156;222m⣿[38;2;41;160;221m⣿[38;2;39;164;220m⣿[38;2;37;167;218m⡧[38;2;35;171;216m⠔[38;2;34;174;214m⠀[38;2;32;178;212m⠀
[39m[38;2;89;94;209m⠀[38;2;87;97;211m⠀[38;2;84;100;214m⠈[38;2;82;103;216m⠙[38;2;79;107;218m⢿[38;2;77;110;219m⡿[38;2;74;113;221m⢿[38;2;71;117;222m⣿[38;2;69;120;223m⢧[38;2;66;124;224m⠀[38;2;63;127;225m⠁[38;2;61;131;225m⢀[38;2;58;134;225m⠠[38;2;56;138;225m⠀[38;2;53;142;225m⠟[38;2;51;145;225m⠁[38;2;48;149;224m⠈[38;2;46;153;223m⠉[38;2;43;156;222m⠛[38;2;41;160;221m⠋[38;2;39;164;220m⢿[38;2;37;167;218m⡟[38;2;35;171;216m⠁[38;2;34;174;214m⠀[38;2;32;178;212m⠀[38;2;31;181;210m⠀[38;2;29;185;207m⠀
[39m[38;2;84;100;214m⠀[38;2;82;103;216m⠀[38;2;79;107;218m⠀[38;2;77;110;219m⠀[38;2;74;113;221m⢨[38;2;71;117;222m⠐[38;2;69;120;223m⡶[38;2;66;124;224m⠝[38;2;63;127;225m⢀[38;2;61;131;225m⠤[38;2;58;134;225m⠀[38;2;56;138;225m⠀[38;2;53;142;225m⠀[38;2;51;145;225m⠀[38;2;48;149;224m⠀[38;2;46;153;223m⡀[38;2;43;156;222m⠀[38;2;41;160;221m⠀[38;2;39;164;220m⠀[38;2;37;167;218m⠢[38;2;35;171;216m⣸[38;2;34;174;214m⠁[38;2;32;178;212m⠀[38;2;31;181;210m⠀[38;2;29;185;207m⠀[38;2;28;188;204m⠀[38;2;27;191;202m⠀
[39m[38;2;79;107;218m⠀[38;2;77;110;219m⠀[38;2;74;113;221m⠀[38;2;71;117;222m⠀[38;2;69;120;223m⠈[38;2;66;124;224m⠓[38;2;63;127;225m⠤[38;2;61;131;225m⠍[38;2;58;134;225m⠡[38;2;56;138;225m⢄[38;2;53;142;225m⡀[38;2;51;145;225m⠀[38;2;48;149;224m⠀[38;2;46;153;223m⠀[38;2;43;156;222m⠀[38;2;41;160;221m⠀[38;2;39;164;220m⠀[38;2;37;167;218m⢀[38;2;35;171;216m⡠[38;2;34;174;214m⠔[38;2;32;178;212m⠁[38;2;31;181;210m⠀[38;2;29;185;207m⠀[38;2;28;188;204m⠀[38;2;27;191;202m⠀[38;2;26;195;199m⠀[38;2;26;198;195m⠀
[39m[38;2;74;113;221m⠀[38;2;71;117;222m⠀[38;2;69;120;223m⠀[38;2;66;124;224m⠀[38;2;63;127;225m⠀[38;2;61;131;225m⠀[38;2;58;134;225m⠀[38;2;56;138;225m⠀[38;2;53;142;225m⠀[38;2;51;145;225m⠀[38;2;48;149;224m⠈[38;2;46;153;223m⢫[38;2;43;156;222m⠀[38;2;41;160;221m⠀[38;2;39;164;220m⡖[38;2;37;167;218m⠒[38;2;35;171;216m⠋[38;2;34;174;214m⠁[38;2;32;178;212m⠀[38;2;31;181;210m⠀[38;2;29;185;207m⠀[38;2;28;188;204m [38;2;27;191;202m [38;2;26;195;199m⠀[38;2;26;198;195m⠀[38;2;25;201;192m⠀
[39m[38;2;69;120;223m⠀[38;2;66;124;224m⠀[38;2;63;127;225m⠀[38;2;61;131;225m⠀[38;2;58;134;225m⠀[38;2;56;138;225m⠀[38;2;53;142;225m⠀[38;2;51;145;225m⢀[38;2;48;149;224m⠎[38;2;46;153;223m⠐[38;2;43;156;222m⠠[38;2;41;160;221m⢇[38;2;39;164;220m⡀[38;2;37;167;218m⠘[38;2;35;171;216m⢇[38;2;34;174;214m⠀[38;2;32;178;212m⠀[38;2;31;181;210m⠀[38;2;29;185;207m⠀[38;2;28;188;204m⠀[38;2;27;191;202m⠀[38;2;26;195;199m⠀[38;2;26;198;195m⠀[38;2;25;201;192m⠀[38;2;25;204;189m⠀[38;2;25;207;185m⠀[38;2;25;210;182m⠀
[39m[38;2;63;127;225m⠀[38;2;61;131;225m⠀[38;2;58;134;225m⠀[38;2;56;138;225m⠀[38;2;53;142;225m⠀[38;2;51;145;225m⢀[38;2;48;149;224m⡴[38;2;46;153;223m⠃[38;2;43;156;222m⠀[38;2;41;160;221m⠀[38;2;39;164;220m⠀[38;2;37;167;218m⠀[38;2;35;171;216m⠈[38;2;34;174;214m⠑[38;2;32;178;212m⠂[38;2;31;181;210m⠽[38;2;29;185;207m⠮[38;2;28;188;204m⠒[38;2;27;191;202m⢄[38;2;26;195;199m⡀[38;2;26;198;195m⠀[38;2;25;201;192m⠀[38;2;25;204;189m⠀[38;2;25;207;185m⠀[38;2;25;210;182m⠀[38;2;26;213;178m⠀[38;2;26;215;174m⠀
[39m[38;2;58;134;225m⠀[38;2;56;138;225m⠀[38;2;53;142;225m⠀[38;2;51;145;225m⠀[38;2;48;149;224m⢀[38;2;46;153;223m⠊[38;2;43;156;222m⠀[38;2;41;160;221m⠀[38;2;39;164;220m⠀[38;2;37;167;218m⠀[38;2;35;171;216m⠀[38;2;34;174;214m⠀[38;2;32;178;212m⠀[38;2;31;181;210m⠀[38;2;29;185;207m⠀[38;2;28;188;204m⠀[38;2;27;191;202m⠀[38;2;26;195;199m⠀[38;2;26;198;195m⠀[38;2;25;201;192m⠹[38;2;25;204;189m⡀[38;2;25;207;185m⠀[38;2;25;210;182m⠀[38;2;26;213;178m⠀[38;2;26;215;174m⠀[38;2;27;218;170m⠀[38;2;28;220;167m⠀
[39m
